#!ascii label  , from subject MNI_152_T1_1mm vox2ras=TkReg 
3433
120
121
262
263
264
392
453
522
523
524
525
526
743
1147
1148
1149
1150
1151
1152
1153
1154
1155
1156
1157
1158
1159
1160
1161
1624
1625
1626
1627
1628
1633
1634
2015
2017
2021
2209
2210
2211
2212
2213
2214
2215
2217
2218
2219
2220
2221
2222
2223
2224
3067
3068
3069
3070
3071
3072
3073
3074
3075
3076
3077
3078
3079
3080
3081
3082
3667
3668
3669
3670
3671
3672
3673
3674
4424
4433
4434
4884
4885
4886
4887
4888
4889
4890
4891
4892
4893
4894
4895
4896
4897
4898
4899
4900
4901
4902
4904
4905
4906
4907
4908
4909
4910
4911
4912
4914
4915
4916
4917
4918
4919
4920
4921
4922
4923
4924
5944
5945
5946
5947
6673
6674
6675
6676
6677
6678
6679
6680
6681
6682
6683
6684
6685
6686
6687
6688
6689
6690
6691
6692
6693
6694
6695
6696
6697
6698
6699
7631
7632
7633
7634
7635
7636
7637
7638
7639
7640
7649
7650
7651
7652
7653
7654
8243
8246
8247
8248
8249
8616
8618
8619
8620
8621
8626
8637
8638
9193
9195
9196
9197
9198
9199
9200
9201
9202
9207
9208
9214
9215
9216
9217
9218
9219
9220
9221
9223
9224
9225
9226
9227
9228
9229
9230
9231
9232
9233
9234
9235
9236
10747
10748
10749
10750
10751
10752
10753
10754
10755
10756
10757
10758
10759
10760
10761
10762
10764
11347
11348
11349
11350
11351
11352
11353
11354
12113
12562
12564
12565
12566
12567
12568
12569
12570
12571
12572
12573
12574
12575
12576
12577
12578
12579
12580
12581
12582
12583
12584
12585
12586
12587
12588
12589
12590
12591
12592
12594
12595
12596
12597
12598
12599
12600
12601
12602
12604
13747
13748
14962
14963
14964
14965
14966
14967
14968
14969
14970
14971
14972
14973
14974
14975
14976
14977
14978
14979
14980
14981
14982
14983
14984
14985
14986
14987
14988
14989
14990
14991
14992
14993
14994
14995
14996
14997
14998
14999
15000
15001
15002
15003
15004
15005
15006
16762
16763
16764
16765
16766
16767
16768
16769
16770
16771
16772
16773
16774
16775
16776
16777
16778
16779
16780
16781
16782
16783
16784
16804
16805
16806
16807
16808
16809
18118
18128
18131
18132
18133
19003
19004
19005
19006
19007
19008
19009
19011
19012
19027
19052
19053
19054
19055
19056
20415
20416
20417
20418
20420
20422
20424
20425
20426
20427
20429
20430
20431
20432
20433
20434
20435
20436
20437
20438
20439
20440
20441
20442
20443
20444
20445
20446
20447
20448
20449
20450
20451
20452
20454
20455
20456
20460
20461
20462
20463
20464
20465
20478
20479
20480
20481
20482
20483
20484
20485
20486
20487
20488
20489
20490
20491
20492
20493
20494
20495
20496
20497
20501
20502
20503
20504
20505
20506
20507
20508
20509
20510
20511
20512
20513
20514
20515
20516
20517
20518
20519
20520
20521
20522
20523
20524
20525
20526
20527
20528
20529
20530
20531
20532
20533
20534
20535
20536
20565
20566
20567
23953
23954
23955
23956
23957
23958
23959
23960
23961
23962
23963
23964
23965
23966
23967
23968
23969
23970
23971
23972
23973
23974
23975
23976
23977
23978
23979
23980
25033
25034
25035
25036
25037
25038
25039
25040
25041
25042
25043
25044
25045
25046
26382
26392
26393
26394
26408
26409
26410
26411
26412
27225
27226
27227
27228
27229
27230
27231
27232
27233
27234
27235
27236
27237
27238
27239
27240
27241
27242
27243
27244
27245
27246
27247
27248
27249
27250
27251
27252
27253
27254
27255
27256
27257
27258
27259
27260
27261
27263
27264
27265
27266
27267
27268
27269
27270
27271
27272
27273
27274
27277
27278
27279
27280
27281
27282
27283
27284
27285
27286
27287
27288
27289
27290
27291
27292
27293
27294
27295
27296
29230
29231
29232
29233
29234
29236
29237
29238
29239
29240
30931
30932
30933
30934
30935
30936
30937
30938
30939
30940
30941
30942
30943
30944
30945
30946
30947
30948
30949
30950
30951
30952
30953
30954
30955
30956
30957
30958
30959
30960
30961
30962
30963
30964
30965
30966
30967
30968
30969
30970
30971
30972
30973
30974
30975
30976
30977
30978
30979
30980
30981
30982
30983
30984
30985
30986
30987
30988
30989
30990
30991
30992
30993
33329
33330
33331
33332
33333
33334
33335
33336
33337
33338
33339
33340
33341
33342
33343
33344
33345
33346
33347
33348
33349
33350
33351
33352
33353
33354
33355
33356
33377
33378
33379
33381
33382
33383
33384
33385
33386
33387
33388
33389
33390
33391
33392
35025
35026
35027
35034
35035
35036
35037
35038
35039
35040
35041
35042
35043
35044
36102
36109
36110
36111
36112
36113
36114
36115
36116
36117
36118
36132
36133
36134
36135
36150
36153
36154
36155
36156
36164
36165
36166
36167
36168
36169
36170
37809
37812
37821
37822
37827
37828
37829
37830
37831
37832
37833
37834
37835
37836
37837
37838
37839
37840
37841
37842
37843
37844
37845
37846
37847
37848
37849
37850
37851
37857
37863
37864
37865
37866
37867
37868
37888
37889
37890
37891
37892
37893
37894
37895
37896
37897
37898
37899
37900
37901
37902
37903
37904
37905
37906
37907
37910
37912
37913
37914
37915
37916
37917
37918
37919
37920
37921
37922
37923
37924
37925
37926
37927
37928
37929
37930
37931
37932
37933
37934
37935
37936
37937
37938
37939
37940
37941
37942
37943
37944
37945
37946
37947
37948
37949
37950
37951
37952
37953
37954
37989
41467
41468
41469
41470
41471
41472
41473
41474
41475
41476
41478
41479
41480
41481
41482
41483
41484
42067
42068
42069
42070
42071
42072
42073
42074
43282
43283
43284
43285
43286
43287
43288
43289
43290
43291
43292
43293
43294
43295
43296
43297
43298
43299
43300
43301
43302
43303
43304
43305
43306
43307
43308
43309
43310
43311
43312
43314
43315
43316
43317
43318
43319
43320
43321
43322
44468
45682
45683
45684
45685
45686
45687
45688
45689
45690
45691
45692
45693
45694
45695
45696
45697
45698
45699
45700
45701
45702
45703
45704
45705
45706
45707
45708
45709
45710
45711
45712
45713
45714
45715
45716
45717
45718
45719
45720
45721
45722
45723
45724
45725
45726
47482
47483
47484
47485
47486
47487
47488
47489
47490
47491
47492
47493
47494
47495
47496
47497
47498
47499
47500
47501
47502
47503
47504
47524
47525
47526
47527
47528
47529
48853
49723
49724
49725
49726
49727
49728
49729
49731
49768
49770
49771
49772
49773
49774
49775
49776
51135
51136
51137
51138
51139
51140
51141
51142
51143
51144
51145
51146
51147
51148
51149
51150
51151
51152
51153
51154
51155
51156
51157
51158
51159
51160
51161
51162
51163
51164
51165
51166
51167
51168
51169
51170
51171
51172
51173
51174
51175
51176
51177
51179
51180
51181
51182
51183
51184
51185
51198
51199
51200
51201
51202
51203
51204
51205
51206
51207
51208
51209
51210
51211
51212
51213
51214
51215
51216
51217
51221
51222
51223
51224
51225
51226
51227
51228
51229
51230
51231
51232
51233
51234
51235
51236
51237
51238
51239
51240
51241
51242
51243
51244
51245
51246
51247
51248
51249
51250
51251
51252
51253
51254
51255
51256
51257
51285
51286
51287
55282
55283
55284
55285
55286
55287
55288
55289
55290
55291
55292
55293
55294
55295
55296
55297
55298
55299
55300
55301
55302
55303
55304
55305
55306
55307
55308
55309
55310
55311
55312
55313
55314
55315
55316
55317
55318
55319
55320
55321
55322
55323
55324
55325
55326
55327
57082
57083
57084
57085
57086
57087
57088
57089
57090
57091
57092
57093
57094
57095
57096
57097
57098
57099
57100
57101
57102
57103
57104
59347
59372
59373
59374
59375
59376
59377
59378
59379
60730
60735
60736
60737
60738
60739
60740
60741
60742
60743
60744
60745
60746
60747
60748
60749
60750
60751
60752
60753
60754
60755
60756
60757
60758
60759
60760
60761
60762
60763
60764
60765
60766
60767
60768
60769
60770
60771
60772
60773
60774
60775
60776
60777
60778
60779
60780
60781
60782
60783
60784
60785
60786
60787
60788
60789
60790
60791
60792
60793
60794
60795
60796
60797
60798
60799
60800
60801
60802
60803
60804
60805
60806
60807
60808
60809
60810
60811
60812
60813
60814
60815
60816
60817
60821
60822
60823
60824
60825
60826
60827
60828
60829
60830
60831
60832
60833
60834
60835
60836
60837
60838
60839
60840
60841
60842
60843
60844
60845
60846
60847
60848
60849
60850
60852
60854
64282
64283
64284
64285
64286
64287
64288
64289
64295
64296
64297
64298
64299
64301
64302
64303
64304
67927
67928
67929
67930
67931
67932
67933
67934
67935
67936
67937
67938
67939
67940
67941
67942
67943
67944
67945
67946
67947
67948
67949
67950
67951
67952
67953
67954
67955
67956
67957
67958
67959
67960
67961
67962
67963
67964
67965
67966
67967
67968
67969
67970
67971
67972
67973
67974
67975
67976
67977
67978
67979
67980
67981
67982
67983
67984
67985
67986
67987
67988
67989
67990
67991
67992
67993
67994
67995
67996
67997
67998
67999
68000
68001
68002
68003
68004
68005
68006
68007
68008
68009
68010
68011
68012
68013
68014
68015
68016
68017
68018
68019
68020
68021
68022
68023
68024
68025
68026
68027
68028
68029
68030
68031
68032
68033
68034
68035
68036
68037
68038
68039
68040
68041
68042
68043
68044
68045
68046
68047
68048
68049
68050
68051
68052
68053
68054
68055
68056
68057
68058
68059
73329
73330
73331
73332
73333
73334
73335
73336
73337
73338
73339
73340
73341
73342
73343
73344
73345
73346
73347
73348
73349
73350
73351
73352
73353
73354
73355
73356
73357
73358
73359
73360
73361
73362
73363
73364
73365
73366
73367
73368
73369
73370
73371
73372
73373
73374
73375
73376
73377
73378
73379
73380
73381
73382
73383
73384
73385
73386
73387
73388
73389
73390
73391
73392
73393
73394
73443
73444
73445
73446
73447
73451
73452
73453
73454
73455
73456
73457
73458
73459
73460
73461
73462
73463
73464
73465
73466
73467
73468
73469
73473
73474
73475
73476
73477
73478
73479
77395
77396
77397
77398
77399
77418
77419
77420
77421
77422
77423
77424
77425
77426
77427
77428
77429
77433
77434
77435
77436
77437
77438
77439
77440
77441
77442
77443
77444
80032
80033
80034
80046
80050
80052
80053
80054
80055
80056
80057
80058
80059
80060
80061
80062
80063
80064
80066
80067
80068
80069
80070
80071
80072
80073
80074
80106
80108
80109
80110
80111
80112
80113
80114
80115
80116
80117
80118
80161
80162
80163
80164
80166
80167
80168
80169
80188
80189
80190
80191
80192
80193
80194
80195
80196
80197
80198
80199
80200
80201
80202
80204
84285
84286
84287
84288
84289
84293
84294
84295
84315
84316
84317
84318
84319
84320
84330
84331
84332
84333
84334
84335
84336
84337
84338
84339
84340
84341
84342
84343
84344
84345
84346
84347
84348
84349
84350
84351
84352
84353
84354
84355
84356
84357
84358
84359
84360
84361
84362
84363
84364
84365
84366
84367
84368
84369
84370
84371
84372
84373
84374
84375
84376
84377
84378
84379
84380
84381
84382
84383
84384
84385
84386
84387
84388
84389
84390
84391
84392
84393
84394
84405
84406
84407
84420
84421
84422
84423
84424
84425
84426
84427
84428
84429
84430
84431
84432
84433
84434
84435
84436
84473
84475
84476
84483
84484
84485
84486
84487
84488
84489
84490
84491
84492
84493
84494
84495
84496
84497
84498
84499
84500
84501
84502
84503
84504
84505
84506
84507
84508
84509
84510
84511
84512
84513
84514
84515
84516
84517
84518
84519
84520
84521
84522
84523
84524
84525
84526
84527
84528
84529
84530
84531
84532
84539
84540
84543
84544
84545
84546
84547
84548
84549
84550
84551
84552
84553
84554
84555
84556
84557
84558
84559
84560
84561
84562
84563
84564
84565
84566
84567
84568
84569
84570
84571
84572
84573
84574
84575
84576
84577
84578
84579
84580
84581
84582
84583
84584
84585
84586
84587
84588
84589
84590
84591
84592
84593
84594
84595
84596
84597
84598
84599
84600
84601
84602
84603
84604
84605
84606
84607
84608
84609
84610
84611
84612
84613
84614
84615
84616
84617
84618
84619
84620
84621
84622
84623
84624
84625
84626
84627
84628
84629
84630
84631
84632
84633
84634
84635
84636
84637
84638
84639
84640
84641
84642
84643
84644
84645
84646
84647
84648
84649
84650
84651
84735
84736
84737
84738
84739
93073
93074
93075
93076
93077
93078
93079
93080
93081
93082
93083
93084
93085
93086
93087
93088
93089
93090
93091
93092
93093
93094
93095
93096
93097
93098
93099
93100
93101
93102
93103
93104
94153
94154
94155
94156
94157
94158
94159
94160
94161
94162
94163
94164
94165
94166
95529
95531
95532
96342
96343
96344
96345
96346
96347
96348
96349
96350
96351
96352
96353
96354
96355
96356
96357
96358
96359
96360
96361
96362
96363
96364
96365
96366
96367
96368
96369
96370
96371
96372
96373
96374
96375
96376
96377
96378
96379
96380
96381
96382
96383
96384
96385
96386
96387
96388
96389
96390
96391
96392
96393
96394
96397
96398
96399
96400
96401
96402
96403
96404
96405
96406
96407
96408
96409
96410
96411
96412
96413
96414
98473
98474
98475
98476
98477
100660
100661
100662
100663
100664
100665
100666
100667
100668
100669
100670
100671
100672
100673
100674
100675
100676
100677
100678
100679
100680
100681
100682
100683
100684
100685
100686
100687
100688
100689
100690
100691
100692
100693
100694
100695
100696
100697
100698
100699
100700
100701
100702
100703
100704
100705
100706
100707
100708
100709
100710
100711
100712
100713
100714
100715
100716
100717
100718
100719
100720
100721
100722
100723
100724
100725
100726
100727
100728
100729
100730
100731
100732
100733
100734
100735
100736
100737
100738
100739
100740
103900
103901
103902
103903
103904
103905
103906
103907
103908
103909
103910
103911
103912
103913
103914
103915
103916
103917
103918
103919
103920
103921
103922
103923
103924
103925
103926
103927
103928
103929
103930
103931
103932
103933
103934
103935
103936
103937
103938
103939
103940
103976
103977
103978
103979
103980
103981
103982
103983
103984
103985
106343
106357
106358
106359
106360
106361
106365
106366
106367
106368
106369
106370
107933
107934
107935
107936
107937
107938
107939
107940
107941
107942
107943
107945
107946
107947
107948
107949
107950
107971
107972
107973
107974
108019
108020
108021
108022
108023
108024
108025
108026
108027
108028
110475
110476
110477
110478
110479
110480
110481
110482
110483
110491
110492
110493
110494
110495
110496
110497
110498
110499
110500
110501
110502
110503
110504
110505
110506
110507
110508
110509
110510
110511
110512
110513
110514
110515
110516
110517
110518
110519
110520
110521
110522
110523
110524
110525
110526
110527
110528
110529
110530
110531
110532
110533
110534
110535
110536
110537
110538
110539
110540
110541
110542
110544
110545
110546
110547
110548
110549
110556
110557
110558
110559
110560
110561
110562
110563
110564
110565
110588
110589
110590
110591
110592
110593
110594
110595
110596
110597
110598
110599
110600
110601
110602
110603
110604
110605
110606
110607
110608
110609
110610
110611
110612
110613
110614
110615
110616
110617
110618
110619
110620
110621
110622
110623
110629
110630
110631
110632
110633
110634
110635
110636
110637
110638
110639
110640
110641
110642
110643
110644
110645
110646
110647
110648
110649
110650
110651
110652
110653
110654
110655
110656
110657
110658
110659
110660
110661
110662
110663
110664
110665
110666
110667
110668
110669
110670
110671
110672
110673
110674
110675
110676
110677
110678
110679
110680
110681
110682
110683
110684
110685
110686
110687
110688
110689
110690
110691
110692
110693
110694
110745
110746
110747
110748
110749
117331
117332
117333
117334
117335
117336
117337
117338
117339
117340
117341
117342
117343
117344
117345
117346
117347
117348
117349
117350
117351
117352
117353
117354
117355
117356
117357
117358
117359
117360
117361
117362
117363
117364
117365
117366
117367
117368
117369
117370
117371
117372
117373
117374
117375
117376
117377
117378
117379
117380
117381
117382
117383
117384
117385
117386
117387
117388
117389
117390
117391
117392
117393
119851
119852
119853
119854
119855
119856
119857
119858
119859
119860
119861
119862
119863
119864
119865
119866
119867
119868
119869
119870
119871
119872
119873
119874
119875
119876
119877
119878
119879
119880
119881
119882
122993
122994
123014
123018
123019
123021
123022
123023
123056
123057
123058
123059
123060
123061
123062
123063
123064
123065
124965
124966
124967
124968
124969
124970
124971
124972
124973
124974
124975
124976
124977
124978
124979
124980
124981
124982
124983
124984
124985
124986
124987
124988
124989
124990
124991
124992
124993
124994
124995
124996
124997
124998
124999
125000
125001
125002
125003
125004
125005
125006
125007
125008
125009
125010
125011
125012
125013
125014
125015
125016
125017
125018
125019
125020
125021
125022
125023
125024
125025
125026
125027
125028
125029
125030
125031
125032
125033
125034
125035
125036
125037
125038
125039
125040
125041
125042
125043
125044
125045
125046
125051
125052
125053
125054
125055
125056
125057
125058
125059
125060
125061
125062
125063
125064
125065
125066
125067
125068
125069
125070
125071
125072
125073
125074
125075
125076
125077
125078
125079
125080
125085
125086
125087
125088
125089
125090
125091
125092
125093
125094
125095
125096
125097
125098
125099
125100
125101
125102
125103
125104
125105
125106
125107
125108
125109
125110
125111
125112
125113
125114
125115
125116
125117
125118
125119
125120
125121
125122
125123
125124
125125
125126
125127
125128
125129
125130
125131
125132
125133
125175
125176
129808
129809
129810
129811
129812
129813
129814
129815
129816
129817
129818
129821
129824
129825
129826
129827
129828
129829
129830
129831
129832
129833
129834
129835
129836
134425
134426
134427
134428
134429
134430
134431
134432
134433
134434
134435
134436
134437
134438
134439
134440
134441
134442
134443
134444
134445
134446
134447
134448
134449
134450
134451
134452
134453
134454
134455
134456
134457
134458
134459
134460
134461
134462
134463
134464
134465
134466
134467
134468
134469
134470
134471
134472
134473
134474
134475
134476
134477
134478
134479
134480
134481
134482
134483
134484
134485
134486
134487
134488
134489
134490
134491
134492
134493
134494
134495
134496
134497
134498
134499
134500
134501
134502
134503
134504
134505
134506
134507
134508
134509
134510
134511
134512
134513
134514
134515
134516
134517
134518
134519
134520
134521
134522
134523
134524
134525
134526
134527
134528
134529
134530
134531
134532
134533
134534
134535
134536
134537
134538
134539
134540
134541
134542
134543
134544
134545
134546
134547
134548
134549
134550
134551
134552
134553
134554
134555
134556
134557
134558
134559
134560
134561
134562
134563
134564
134565
134566
134567
134568
134569
134570
134571
134572
134573
134574
134575
134576
134577
134578
134579
134580
134581
134582
134583
134584
134585
134586
134587
134588
134589
134590
134591
134592
134593
141143
141144
141145
141146
141147
141148
141149
141150
141151
141152
141153
141154
141155
141156
141157
141158
141159
141160
141161
141162
141163
141164
141165
141166
141167
141168
141169
141170
141171
141172
141173
141174
141175
141176
141177
141178
141179
141180
141181
141182
141183
141184
141185
141186
141187
141188
141189
141190
141191
141192
141193
141194
141195
141196
141197
141198
141199
141200
141201
141202
141203
141204
141205
141206
141207
141208
141209
141210
141211
141212
141213
141214
141215
141216
141217
141218
141219
141220
141221
141222
141223
141224
141282
141283
141284
141285
141286
141287
141288
141289
141292
141293
141294
141295
141296
141297
141298
141299
141300
141301
141302
141303
141304
141305
141306
141307
141308
141309
141310
141311
141312
141313
141314
141315
141316
141317
141318
141319
141320
141322
141323
141324
141325
141326
141327
146092
146093
146094
146095
146096
146097
146098
146099
146120
146121
146122
146123
146124
146125
146126
146127
146128
146129
146130
146131
146132
146133
146134
146135
146137
146138
146139
146140
146141
146142
146143
146144
146145
146146
146147
146148
146149
146150
146151
146152
149278
149279
149280
149301
149302
149303
149304
149305
149306
149307
149308
149309
149310
149311
149312
149313
149314
149315
149316
149317
149318
149319
149320
149321
149322
149323
149324
149325
149326
149327
149328
149329
149330
149331
149332
149369
149370
149371
149372
149373
149374
149375
149376
149377
149378
149379
149422
149423
149424
149432
149433
149434
149435
149436
149437
149438
149439
149440
149441
149442
149466
149467
149468
149469
149470
149471
149472
149473
149474
149475
149476
149477
149479
149480
149481
149482
149483
149484
149485
149718
154389
154390
154391
154392
154393
154398
154399
154400
154401
154425
154426
154427
154428
154429
154430
154443
154444
154445
154446
154447
154448
154449
154450
154451
154452
154453
154454
154455
154456
154457
154458
154459
154460
154461
154462
154463
154464
154465
154466
154467
154468
154469
154470
154471
154472
154473
154474
154475
154476
154477
154478
154479
154480
154481
154482
154483
154484
154485
154486
154487
154488
154489
154490
154491
154492
154493
154494
154495
154496
154497
154498
154499
154500
154501
154502
154503
154504
154505
154506
154507
154508
154509
154510
154511
154512
154513
154514
154515
154516
154517
154518
154519
154533
154534
154536
154551
154552
154553
154554
154555
154556
154557
154558
154559
154560
154561
154562
154563
154564
154565
154566
154567
154568
154569
154617
154626
154629
154630
154631
154632
154633
154634
154635
154636
154637
154638
154639
154640
154641
154642
154643
154644
154645
154646
154647
154648
154649
154650
154651
154652
154653
154654
154655
154656
154657
154658
154659
154660
154661
154662
154663
154664
154665
154666
154667
154668
154669
154670
154671
154672
154673
154674
154675
154676
154677
154678
154679
154680
154681
154682
154683
154684
154685
154691
154692
154693
154694
154698
154699
154700
154701
154702
154703
154704
154705
154706
154707
154708
154709
154710
154711
154712
154713
154714
154715
154716
154717
154718
154719
154720
154721
154722
154723
154724
154725
154726
154727
154728
154729
154730
154731
154732
154733
154734
154735
154736
154737
154738
154739
154740
154741
154742
154743
154744
154745
154746
154747
154748
154749
154750
154751
154752
154753
154754
154755
154756
154757
154758
154759
154760
154761
154762
154763
154764
154765
154766
154767
154768
154769
154770
154771
154772
154773
154774
154775
154776
154777
154778
154779
154780
154781
154782
154783
154784
154785
154786
154787
154788
154789
154790
154791
154792
154793
154794
154795
154796
154797
154798
154799
154800
154801
154802
154803
154804
154805
154806
154807
154808
154809
154810
154811
154812
154813
154814
154815
154816
154817
154818
154819
154820
154821
154822
154823
154824
154825
154826
154827
154929
154930
154931
154932
154933
